trans: [0.8375541543544149, 0.09698998637503811, 1.1072698468393887, ]
rot: [-0.7156436980065686, -0.69773114775298, 0.011569769668943136, 0.029857719078997563, ]
rot_euler: [-3.08265982745, -0.0251082937747, 1.54471037537, ]
parent: /base
child: /kinect2_link
